 19.80   0.03
 27.77   0.05
 22.08   0.04
 25.28   0.05
 21.75   0.05
 22.84   0.05
 26.54   0.02
 11.79   0.03
 16.72   0.03
 24.43   0.05
 26.91   0.05
 10.18   0.07
 21.63   0.02
 11.67   0.06
 29.51   0.04
  7.95   0.05
 25.44   0.03
  9.44   0.04
 22.51   0.04
 20.62   0.03
 33.89   0.05
  0.07   0.22
 18.29   0.04
 11.75   0.06
 36.33   0.04
 37.17   0.38
  5.30   0.08
 23.65   0.02
 26.93   0.04
 35.63   0.02
 19.79   0.05
  6.19   0.09
 28.93   0.03
 30.46   0.04
 25.52   0.02
 14.23   0.03
 10.72   0.05
 36.77   0.01
 31.11   0.03
 14.65   0.06
 13.91   0.02
 26.15   0.03
 15.58   0.05
 21.36   0.03
 14.50   0.02
  6.89   0.07
 11.64   0.06
 23.18   0.05
 18.12   0.05
 33.82   0.03
 28.57   0.04
 17.94   0.05
 17.14   0.05
 25.17   0.04
 10.77   0.06
 25.60   0.03
 25.64   0.02
 26.55   0.02
 34.74   0.02
 10.58   0.04
 21.75   0.04
 18.10   0.04
 35.80   0.03
 18.40   0.05
 30.80   0.04
 35.29   0.03
 26.44   0.05
 17.85   0.05
 25.88   0.02
 28.66   0.03
 12.08   0.08
 27.74   0.04
 25.38   0.02
 25.60   0.02
 22.12   0.05
  4.12   0.08
 28.93   0.02
 25.78   0.04
 25.97   0.01
 24.53   0.03
 34.49   0.02
 28.57   0.03
 22.65   0.04
 11.62   0.06
  8.03   0.09
 24.26   0.05
 23.86   0.01
 15.62   0.06
 20.93   0.03
 15.22   0.05
 28.45   0.03
 11.10   0.05
 19.97   0.05
  9.22   0.06
  9.78   0.03
 34.77   0.02
 30.79   0.04
 23.82   0.03
 28.24   0.04
 23.32   0.03
 22.33   0.03
 20.86   0.02
 18.68   0.03
 16.00   0.07
 29.89   0.05
 26.56   0.04
 13.45   0.02
 34.64   0.04
 32.54   0.02
 15.14   0.03
  0.43   0.13
  2.31   0.07
  0.84   0.09
  2.16   0.05
  0.00   0.37
  0.03   0.22
  0.00   0.37
 11.81   0.07
  0.96   0.13
  0.00   0.28
  3.64   0.07
  4.60   0.07
  2.20   0.06
  7.31   0.05
  1.24   0.13
  0.73   0.14
  0.36   0.11
  0.00   0.44
  2.56   0.10
  0.01   0.28
  1.88   0.08
  2.67   0.08
 35.30   0.17
 14.30   0.04
  0.00   0.29
  1.75   0.09
  2.66   0.06
  0.51   0.13
  1.81   0.17
  1.68   0.12
  1.66   0.06
  3.50   0.08
  0.52   0.13
  0.54   0.13
  0.92   0.07
  2.34   0.06
  1.45   0.08
  2.16   0.10
  2.41   0.11
  3.09   0.10
  4.03   0.09
  3.95   0.04
  2.81   0.12
  0.45   0.12
  3.48   0.11
  2.49   0.06
  0.46   0.10
  0.90   0.24
  2.35   0.10
  1.30   0.07
  3.85   0.09
  3.72   0.05
  2.17   0.07
  1.65   0.13
  0.24   0.13
  1.02   0.09
  2.23   0.43
  5.57   0.27
  4.66   0.08
  1.59   0.10
  1.07   0.10
  0.15   0.19
  3.42   0.05
  1.35   0.09
  3.31   0.07
  4.00   0.09
  0.10   0.20
  3.87   0.06
  0.61   0.16
  2.70   0.11
  3.07   0.04
  5.19   0.06
  5.44   0.04
  3.97   0.06
  3.55   0.07
  0.28   0.16
  3.31   0.04
  0.76   0.15
  2.23   0.06
  2.78   0.14
  4.67   0.08
  1.79   0.08
  0.60   0.15
  3.03   0.10
  0.00   0.26
  0.89   0.04
  0.02   0.21
  0.65   0.10
  2.15   0.12
  2.40   0.10
  1.84   0.06
  1.71   0.08
  3.97   0.26
  0.25   0.14
  2.07   0.05
 11.41   0.07
  0.58   0.16
  2.85   0.11
  0.23   0.14
  0.00   0.26
  0.02   0.23
  0.00   0.39
  0.45   0.12
  4.07   0.09
 18.15   0.02
  2.72   0.12
 12.50   0.04
  4.58   0.02
  0.02   0.22
  1.53   0.11
  8.89   0.09
  4.56   0.11
 22.90   0.03
 10.71   0.06
 19.18   0.02
 24.29   0.01
 22.88   0.02
 19.56   0.07
 18.78   0.05
  8.07   0.07
  4.13   0.06
 21.78   0.05
 16.91   0.05
  4.95   0.04
 10.60   0.03
 24.34   0.07
  2.16   0.08
  4.30   0.07
  7.79   0.08
 18.24   0.03
 14.41   0.04
  4.28   0.07
  6.60   0.06
 17.89   0.02
 22.99   0.05
 14.57   0.05
  5.07   0.08
 20.02   0.03
 23.51   0.06
 13.26   0.02
 17.54   0.02
 12.54   0.04
 10.15   0.07
 15.98   0.06
 11.13   0.05
  1.82   0.10
 16.19   0.05
 20.19   0.09
 10.04   0.06
  1.05   0.15
 13.08   0.06
  5.10   0.10
 17.72   0.02
  6.65   0.01
  2.51   0.09
  5.33   0.11
 18.66   0.03
  0.00   0.42
  0.00   0.40
  0.00   0.50
 16.14   0.05
 16.84   0.03
  7.53   0.10
  4.05   0.09
  2.75   0.05
 16.07   0.03
 15.04   0.04
 16.42   0.06
  0.90   0.15
  0.00   0.54
  7.61   0.05
  3.68   0.05
 22.19   0.05
 17.70   0.04
  4.55   0.06
 14.70   0.08
 17.18   0.05
 14.78   0.03
  3.03   0.10
  8.90   0.04
  7.20   0.08
  5.09   0.10
  6.99   0.09
  2.32   0.06
 23.83   0.01
 17.08   0.03
 14.72   0.04
  0.01   0.23
  0.00   0.25
  0.00   0.31
  5.08   0.09
 18.04   0.05
 14.73   0.04
 21.31   0.04
 17.28   0.04
 10.46   0.03
 18.66   0.08
 11.55   0.03
  0.85   0.14
  0.54   0.17
  7.65   0.09
 13.00   0.04
 18.03   0.04
 16.83   0.03
 18.25   0.02
 11.50   0.05
 20.71   0.05
 11.26   0.07
 14.67   0.05
 11.04   0.05
 16.69   0.04
 19.99   0.06
 23.93   0.06
 11.85   0.06
 20.14   0.05
 20.38   0.06
 15.20   0.03
  6.96   0.03
 20.25   0.07
 21.68   0.06
  7.99   0.06
  5.40   0.05
  3.16   0.05
  7.33   0.07
  2.50   0.04
 12.06   0.05
  5.66   0.10
  0.96   0.12
 16.07   0.02
  5.49   0.06
  9.71   0.04
  9.50   0.02
 13.37   0.03
 10.03   0.06
 10.31   0.05
 16.97   0.02
 11.56   0.04
 16.16   0.05
 14.43   0.03
 14.51   0.05
 13.55   0.05
 13.24   0.04
  2.19   0.09
 13.97   0.04
 12.90   0.02
  7.27   0.07
 14.92   0.05
 11.05   0.02
  6.25   0.05
  5.28   0.10
  9.70   0.05
  7.40   0.04
  8.12   0.04
  7.21   0.04
 12.23   0.04
 10.94   0.03
 13.82   0.04
 13.46   0.04
  4.33   0.07
 16.04   0.05
 11.17   0.06
  5.75   0.06
  4.83   0.09
  1.48   0.13
 17.28   0.03
 11.76   0.04
  1.05   0.17
  7.21   0.06
 18.16   0.64
  3.76   0.07
  2.51   0.07
  0.71   0.16
  0.55   0.10
 17.60   0.05
  5.65   0.07
  0.55   0.11
  6.23   0.08
  4.33   0.06
  1.90   0.07
  8.27   0.10
  0.78   0.12
  1.59   0.12
  5.50   0.04
  2.11   0.11
  5.95   0.10
 11.78   0.07
  1.46   0.06
 14.91   0.07
  6.20   0.02
 16.06   0.08
  8.89   0.06
  9.11   0.02
  0.46   0.12
 14.14   0.02
 13.24   0.04
 12.31   0.05
 15.18   0.05
  6.16   0.06
 13.60   0.05
 17.85   0.04
  0.20   0.16
 15.76   0.06
 10.67   0.08
  9.26   0.06
 11.04   0.05
  4.28   0.05
 10.65   0.06
  7.26   0.06
  7.79   0.06
  3.37   0.08
  4.67   0.09
  8.50   0.02
 11.27   0.04
  7.42   0.04
  9.32   0.04
 10.13   0.04
  7.22   0.03
  7.05   0.04
  2.18   0.12
  7.92   0.05
  0.01   0.23
  1.66   0.12
 10.68   0.11
  8.68   0.03
  1.46   0.08
  6.78   0.01
  4.46   0.05
  5.18   0.09
 11.89   0.08
  0.03   0.21
 12.64   0.04
  6.57   0.04
 15.91   0.03
 11.53   0.03
  5.66   0.08
 18.57   0.02
  6.02   0.04
 19.65   0.03
  9.32   0.05
 19.08   0.04
 20.71   0.01
 13.17   0.03
  9.59   0.05
 11.67   0.05
 17.05   0.02
 12.83   0.03
 19.55   0.03
  7.89   0.07
 22.09   1.10
 14.11   0.04
 14.97   0.05
  5.38   0.08
 20.66   0.02
  2.00   0.14
  2.60   0.07
 21.41   0.03
 15.01   0.04
 20.41   0.02
 19.46   0.04
 16.08   0.02
 12.36   0.03
 15.05   0.03
 15.31   0.08
 11.58   0.04
 10.31   0.04
 15.62   0.05
 18.55   0.06
 21.49   0.02
 15.98   0.06
 18.36   0.03
 11.07   0.06
  7.40   0.05
  0.03   0.20
  6.12   0.04
 17.85   0.05
  3.92   0.09
 10.21   0.05
 16.69   0.05
 20.35   0.02
 18.36   0.03
 15.07   0.07
 15.77   0.06
  2.15   0.07
 11.62   0.05
 16.15   0.04
 11.54   0.03
 13.25   0.03
  9.30   0.03
 16.96   0.02
  2.04   0.07
 10.83   0.04
 17.76   0.06
 13.85   0.05
  6.23   0.05
 14.15   0.04
 12.35   0.05
 21.77   0.02
  9.65   0.04
 10.49   0.08
 20.99   0.02
  9.03   0.03
  5.73   0.06
 10.44   0.09
 13.65   0.04
 17.93   0.03
  6.06   0.05
  1.73   0.12
  1.40   0.12
  3.12   0.12
 10.48   0.07
  6.99   0.05
  5.22   0.08
 19.15   0.03
  8.64   0.04
  9.53   0.08
 20.70   0.14
 14.53   0.05
 14.36   0.03
 14.52   0.07
 10.29   0.05
 17.15   0.04
  9.18   0.04
  6.57   0.07
  8.32   0.06
  5.45   0.09
  3.60   0.06
  8.23   0.03
 12.20   0.06
 12.69   0.03
 19.79   0.05
  3.42   0.08
 19.79   0.05
  4.90   0.08
  9.72   0.04
  0.46   0.20
 13.80   0.04
  9.21   0.06
 13.49   0.06
 12.69   0.04
  7.42   0.04
 12.14   0.04
  9.89   0.07
 18.24   0.02
 33.27   0.02
 14.05   0.05
 29.57   0.03
 12.91   0.04
 19.58   0.02
 17.74   0.03
 14.26   0.02
 22.23   0.03
 33.65   0.02
 14.87   0.04
 25.45   0.05
 17.87   0.02
 12.27   0.03
 22.28   0.02
 10.87   0.05
 25.61   0.04
 21.86   0.02
 18.84   0.03
 19.45   0.04
 31.37   0.01
 32.67   0.02
 12.78   0.07
 22.58   0.06
 28.68   0.01
 32.66   0.04
 27.22   0.02
 16.52   0.04
 16.63   0.04
 22.09   0.05
  5.45   0.06
 17.48   0.04
 30.11   0.02
 22.76   0.03
 28.77   0.02
  0.42   0.10
 30.68   0.01
  1.51   0.06
 12.71   0.05
 10.78   0.03
 18.71   0.01
 16.39   0.03
 27.09   0.01
 22.20   0.04
 25.80   0.01
 22.47   0.03
  2.57   0.09
 18.29   0.06
 35.12   0.05
 35.10   0.03
 34.94   0.02
 34.09   0.01
 26.46   0.03
 26.58   0.04
 28.52   0.07
 34.52   0.02
 27.12   0.06
 17.94   0.05
  5.55   0.07
 17.48   0.04
 21.05   0.03
 34.45   0.04
 18.48   0.05
 22.70   0.03
 17.19   0.01
 33.24   0.02
 32.06   0.02
 13.12   0.05
 25.53   0.02
  8.54   0.07
 19.66   0.03
 21.21   0.03
 23.65   0.03
 31.22   0.04
 23.35   0.06
  2.97   0.11
 18.87   0.06
 34.31   0.02
 32.80   0.02
 20.02   0.02
 29.48   0.04
 30.17   0.04
 28.21   0.04
 25.58   0.05
 31.99   0.02
 25.04   0.05
 31.38   0.02
 27.47   0.06
 13.30   0.06
  7.43   0.07
 28.93   0.02
 10.92   0.03
 31.28   0.02
  4.59   0.07
  9.95   0.04
 18.87   0.06
 24.08   0.05
 27.95   0.03
 32.09   0.02
 31.26   0.02
 14.21   0.03
 25.63   0.03
 33.21   0.02
 29.19   0.04
 18.13   0.02
 29.12   0.02
 16.28   0.02
 34.57   0.03
 74.26   0.02
 77.53   1.28
 67.82   0.01
 43.64   0.02
 66.83   0.01
 41.19   0.03
 71.57   0.01
 77.06   0.01
 66.51   0.01
 44.86   0.01
 64.21   0.01
 72.01   0.02
 57.16   0.02
 46.50   0.03
 24.82   0.01
 51.99   0.03
  7.96   0.02
 64.91   0.01
 51.10   0.02
 50.44   0.02
 49.19   0.02
 67.54   0.01
 44.27   0.03
 71.75   0.02
 68.00   0.01
 50.77   0.03
 75.11   0.01
 51.50   0.03
 56.75   0.03
 44.99   0.01
 43.19   0.04
 47.40   0.02
 72.45   0.01
 46.08   0.03
 74.54   0.01
 45.58   0.02
 60.23   0.01
 74.77   0.02
 61.37   0.03
 73.02   0.01
 36.56   0.03
  7.35   0.06
 76.27   0.02
 76.60   0.01
 57.82   0.02
 70.87   0.01
 34.24   0.03
 25.56   0.02
 74.20   0.01
 54.55   0.03
 75.34   0.02
 54.12   0.01
 33.94   0.03
 70.56   0.02
 74.69   0.01
  6.90   0.10
 75.38   0.01
 55.11   0.02
 65.23   0.02
 71.49   0.01
 71.74   0.00
 73.86   0.01
 67.71   0.02
 64.88   0.01
 77.13   0.01
 43.78   0.02
 71.04   0.01
 69.84   0.02
 70.58   0.01
 73.91   0.01
 70.39   0.02
 69.86   0.01
 76.69   0.01
 34.84   0.02
 57.59   0.02
 65.08   0.01
 73.36   0.01
 75.37   0.01
 29.60   0.03
  0.02   0.23
 67.94   0.01
 33.79   0.04
 72.61   0.01
 69.45   0.01
 55.67   0.03
 65.18   0.02
 70.18   0.01
 65.88   0.00
 75.84   0.01
 62.01   0.02
 68.69   0.01
 67.14   0.01
 49.15   0.02
 76.10   0.01
 58.87   0.02
 73.40   0.01
  8.62   0.10
 45.76   0.01
 75.13   0.01
 63.08   0.01
 63.01   0.02
 73.91   0.01
 38.06   0.04
 76.27   0.01
 62.74   0.01
 61.32   0.02
 76.20   0.01
 53.75   0.02
 67.37   0.02
 70.03   0.02
 38.73   0.05
  7.91   0.09
 40.72   0.02
  3.99   0.11
 37.64   0.02
  8.45   0.04
 34.38   0.03
 39.67   0.04
 51.58   0.01
 37.33   0.03
  4.49   0.05
 44.03   0.03
 43.15   0.03
 42.49   0.03
 26.34   0.06
 18.33   0.05
 47.96   0.03
 27.49   0.02
 39.94   0.02
 24.66   0.07
 28.30   0.04
 23.67   0.05
 42.39   0.01
 31.78   0.02
 43.33   0.01
 39.26   0.04
 39.22   0.02
 19.91   0.06
 47.43   0.04
 45.28   0.02
 48.31   0.03
 52.88   0.02
 19.63   0.02
 18.78   0.01
 30.95   0.02
 32.50   0.02
 32.41   0.02
 24.90   0.01
 42.65   0.03
 24.61   0.03
 25.11   0.06
 26.75   0.04
 48.05   0.02
 38.04   0.03
 28.16   0.03
 40.44   0.01
 46.94   0.02
 32.84   0.03
 40.32   0.01
  8.92   0.06
 15.91   0.02
 45.05   0.01
 42.53   0.02
 53.99   0.01
 50.23   0.02
 39.10   0.03
 48.78   0.01
 54.60   1.28
 31.20   0.02
 39.67   0.05
 21.49   0.04
 30.86   0.03
 44.20   0.01
 46.87   0.02
 54.07   0.01
 44.80   0.02
 19.66   0.02
 16.71   0.06
 50.26   0.03
 32.77   0.03
 46.73   0.02
 19.00   0.04
 48.00   0.01
 31.28   0.02
 28.19   0.01
 19.51   0.03
 37.16   0.02
  0.47   0.17
 36.13   0.03
 52.76   0.02
 52.58   0.01
 14.28   0.03
 50.85   0.03
 54.42   0.02
 37.11   0.03
 51.10   0.03
  1.56   0.07
 23.51   0.04
 45.19   0.01
 15.74   0.06
 47.32   0.02
 19.37   0.06
 24.52   0.05
 38.72   0.04
 40.98   0.04
 32.47   0.04
 27.02   0.04
 43.91   0.03
  2.54   0.12
 51.91   0.02
 44.13   0.03
 44.61   0.04
 31.77   0.04
 35.30   0.02
 27.11   0.05
 39.05   0.04
 44.65   0.03
 50.76   0.03
 31.10   0.03
 25.27   0.02
  5.84   0.08
  3.36   0.08
 11.16   0.02
  1.95   0.08
 11.26   0.06
  5.66   0.01
 11.30   0.05
  6.90   0.05
 13.67   0.01
  4.54   0.11
 14.36   0.07
 11.79   0.05
  9.58   0.04
  5.31   0.10
  0.05   0.20
  9.60   0.07
 13.57   0.04
  4.32   0.08
 10.71   0.05
  3.96   0.07
  5.79   0.06
  5.05   0.06
 12.28   0.07
  3.49   0.10
 13.03   0.04
  1.29   0.12
  0.00   0.32
  7.53   0.03
  0.05   0.18
  0.47   0.13
  1.83   0.04
  5.61   0.09
  1.06   0.14
  5.15   0.10
  5.25   0.04
 10.01   0.04
  8.08   0.06
  6.29   0.10
  4.32   0.06
 12.38   0.04
 10.18   0.05
  8.50   0.06
 13.08   0.04
  0.82   0.11
  2.78   0.07
  7.36   0.03
  2.59   0.05
 12.22   0.05
  4.56   0.07
 11.58   0.05
  6.95   0.09
  1.00   0.10
  5.91   0.07
  3.54   0.05
  8.76   0.04
  7.34   0.08
  6.55   0.02
 10.08   0.06
 13.02   0.03
  0.32   0.15
  5.54   0.09
  6.16   0.02
  4.11   0.07
  4.54   0.10
  8.10   0.03
  5.51   0.08
  4.13   0.08
  5.02   0.07
  0.93   0.17
  3.73   0.07
  5.37   0.07
  5.57   0.09
  0.00   0.28
 14.06   0.03
  9.19   0.05
  1.10   0.09
  9.23   0.04
  1.90   0.16
  8.60   0.06
  1.21   0.10
  0.88   0.16
  0.76   0.15
 12.68   0.04
  3.14   0.07
 12.19   0.07
  1.34   0.14
  3.81   0.08
  1.58   0.10
  1.32   0.09
  4.33   0.05
 13.69   0.07
  5.40   0.07
  9.86   0.04
  2.23   0.09
 15.22   0.57
  6.03   0.08
 13.14   0.06
  6.00   0.04
  1.48   0.11
  6.03   0.06
  9.39   0.05
  7.01   0.09
  1.00   0.12
 11.18   0.04
  0.68   0.09
  0.28   0.16
  7.42   0.12
  1.77   0.13
  0.82   0.11
  5.03   0.00
 18.20   0.05
 31.82   0.06
 28.53   0.03
  7.06   0.07
 26.64   0.04
  4.08   0.11
 14.23   0.05
  4.16   0.10
 17.84   0.03
 27.88   0.03
 21.02   0.04
  9.35   0.04
 17.42   0.07
 13.61   0.05
 30.13   0.02
 25.96   0.03
 14.21   0.04
 28.54   0.05
 11.08   0.06
 24.59   0.03
 17.10   0.05
 31.54   0.05
 18.81   0.05
 25.25   0.02
 28.00   0.05
  1.79   0.11
 31.99   0.05
  7.67   0.07
 24.11   0.05
 17.10   0.04
 31.30   0.04
 23.14   0.04
  4.61   0.05
 14.17   0.05
 17.52   0.05
 27.68   0.04
 32.38   0.02
  2.10   0.12
 28.72   0.02
 11.63   0.05
 28.70   0.04
 30.60   0.02
 31.66   0.03
 22.33   0.03
 21.04   0.04
 29.72   0.02
 22.10   0.02
 14.81   0.06
 15.68   0.04
 28.07   0.02
 14.39   0.05
 15.85   0.06
 23.00   0.03
  7.67   0.07
 20.07   0.03
 24.60   0.05
 10.60   0.04
 22.33   0.03
 16.26   0.04
 23.01   0.04
 18.75   0.04
 21.23   0.04
  8.21   0.08
 21.18   0.02
 13.89   0.02
 22.87   0.03
  0.94   0.11
  6.51   0.03
 11.39   0.02
  9.73   0.04
 17.02   0.03
 13.60   0.04
 16.53   0.05
 25.01   0.05
 21.89   0.05
 25.85   0.05
  3.72   0.07
 21.86   0.03
 20.22   0.05
 31.53   0.04
 13.03   0.03
 27.65   0.02
 26.92   0.04
 25.90   0.04
 30.00   0.03
 20.15   0.04
 16.52   0.04
 19.28   0.03
  2.92   0.11
 23.09   0.02
 16.87   0.02
 10.58   0.06
 19.67   0.04
 27.00   0.02
 24.91   0.05
 10.29   0.06
 11.74   0.05
 17.16   0.05
 19.89   0.02
  6.78   0.04
 19.25   0.01
 12.92   0.06
 21.13   0.04
 11.75   0.04
 25.51   0.05
 23.73   0.04
 32.96   0.87
 14.21   0.03
 24.94   0.03
 27.82   0.02
